0 1
0 1
0 1
0 2
0 3
4 5
4 5
4 6
4 5
7 2
2 3
8 4
5 9
5 9
5 9
9 5
9 10
9 11
9 1
9 12
9 5
9 6
13 0
13 1
13 3
6 5
7 14
7 14
7 14
15 16
17 18
17 19
17 16
16 15
16 20
14 7
14 7
14 7
14 7
14 21
14 22
14 23
22 21
24 25
24 26
24 25
27 28
27 29
27 30
27 31
27 32
27 33
27 34
27 35
27 36
27 37
26 38
26 38
26 39
18 40
18 25
18 26
39 26
39 26
41 18
41 18
41 34
41 37
41 27
41 28
42 30
42 25
42 26
42 43
42 27
42 44
42 45
32 27
34 27
28 27
28 27
37 27
46 42
46 30
46 42
46 42
46 27
46 27
19 47
19 48
19 33
49 41
49 41
49 50
49 11
49 51
49 52
49 37
49 53
49 50
49 48
52 54
52 55
56 57
58 57
20 57
59 54
17 60
17 57
17 61
55 59
55 59
55 59
55 59
48 61
62 49
62 50
37 47
51 49
51 49
57 63
57 64
57 54
57 55
57 61
57 59
57 61
57 65
57 65
57 61
11 50
64 57
66 67
18 68
67 69
67 70
71 66
71 72
71 66
71 73
71 66
71 73
73 66
73 71
74 47
74 75
76 77
76 78
76 78
76 78
76 79
76 80
76 77
49 81
49 11
49 82
49 37
49 78
83 84
83 85
83 57
83 86
83 87
83 81
83 58
18 61
81 48
81 62
81 88
81 11
48 81
62 49
62 81
37 11
78 76
78 76
89 90
75 3
91 92
91 93
91 61
91 44
91 40
91 40
91 94
91 94
91 71
95 90
68 90
96 90
96 97
96 95
98 18
98 99
98 95
98 100
98 41
98 76
98 101
98 79
98 74
98 68
98 102
55 55
55 38
55 38
55 38
55 38
55 90
90 97
90 103
90 28
90 89
90 104
90 45
90 105
90 106
90 97
90 107
90 108
90 96
90 38
90 38
90 95
90 109
90 11
109 38
18 110
18 38
18 111
18 38
18 38
18 6
45 112
71 38
71 38
71 38
71 38
71 38
38 101
38 113
38 114
38 65
3 115
3 116
3 117
3 93
3 75
3 50
112 38
112 84
112 25
112 45
112 110
112 118
112 82
112 113
112 71
110 45
100 98
119 120
119 121
122 68
122 68
122 48
122 68
122 68
122 122
123 124
123 125
123 125
123 125
123 125
123 124
123 125
123 120
123 24
123 24
123 124
123 126
123 121
123 127
123 124
123 36
123 68
123 120
123 11
123 101
123 128
123 50
123 33
123 121
123 129
123 120
123 50
123 52
123 130
123 131
123 132
123 133
123 89
123 128
123 120
123 2
123 126
123 36
123 134
123 120
123 126
123 120
89 135
24 124
24 123
24 123
24 136
24 137
24 69
24 138
24 139
24 70
24 123
24 140
24 140
50 52
50 117
50 141
50 142
50 143
50 144
50 52
50 30
145 140
145 146
137 136
137 124
137 124
137 124
140 147
140 148
140 147
140 149
140 150
140 151
140 55
140 152
140 153
140 154
140 154
140 66
140 112
140 155
140 156
140 71
140 157
140 158
140 84
140 159
140 67
140 160
140 161
140 87
140 145
140 162
140 163
140 69
140 50
140 147
140 152
120 124
120 101
120 11
120 77
120 131
120 107
120 78
120 121
120 140
120 76
120 124
120 119
120 33
120 164
120 165
120 166
120 35
120 68
120 167
120 168
120 169
120 155
120 140
120 148
120 170
120 75
120 171
120 172
138 24
126 120
126 123
68 122
68 122
68 122
68 122
68 122
68 48
68 122
68 122
68 128
68 50
68 140
68 122
68 122
55 50
55 140
69 124
69 123
69 137
69 140
69 50
69 123
69 124
69 137
173 50
173 140
154 121
48 122
71 140
71 50
71 50
71 140
71 50
71 140
101 124
128 124
128 36
128 127
128 37
165 50
174 50
174 140
124 137
124 137
124 125
148 121
148 121
148 135
148 124
148 175
148 126
148 174
148 4
148 176
148 177
148 121
121 124
129 50
129 147
129 50
129 140
125 124
125 123
11 124
11 137
11 123
11 124
11 137
153 50
153 140
48 3
3 48
178 3
93 161
93 161
179 53
179 93
179 44
179 180
169 53
169 179
169 53
169 180
169 179
169 164
169 44
164 169
164 13
164 169
164 53
164 120
164 169
164 120
164 169
164 169
181 3
115 1
115 1
115 61
115 182
115 67
115 55
115 1
115 183
115 3
91 115
91 67
91 93
91 181
91 69
91 184
91 92
91 1
91 1
91 150
91 61
91 61
91 184
91 67
91 161
91 87
91 185
91 67
91 1
91 71
52 182
52 184
52 1
52 182
184 93
2 18
2 18
8 101
8 127
8 3
8 101
8 186
8 127
8 187
68 127
68 188
68 2
68 79
68 189
68 18
68 2
68 99
68 188
68 22
68 47
68 1
68 37
68 48
182 161
182 87
182 190
182 6
182 138
182 71
191 34
191 52
191 192
191 31
191 169
191 174
191 3
172 37
172 127
186 3
69 4
69 91
69 147
93 115
18 68
18 44
18 93
18 57
18 111
18 118
18 154
18 193
18 194
18 195
67 3
71 91
1 115
1 187
1 183
1 3
73 93
73 182
73 61
73 8
73 184
73 61
61 93
61 184
61 91
61 93
61 33
61 93
3 74
3 115
3 188
3 127
3 189
3 101
3 144
3 144
3 79
3 106
3 91
3 8
3 91
3 55
3 191
3 127
3 89
3 8
3 37
196 55
196 18
196 136
196 182
196 185
196 57
196 111
196 187
92 61
79 189
79 184
106 3
7 2
2 196
2 99
2 7
2 7
2 68
17 196
18 17
18 17
71 196
71 17
71 17
196 17
196 18
196 17
196 136
196 53
196 71
197 198
142 15
142 199
142 143
142 200
142 201
142 143
202 203
202 198
204 203
198 203
198 205
198 197
198 206
198 207
198 203
198 203
198 208
198 209
2 203
2 198
2 203
2 203
2 203
2 204
2 203
2 198
210 198
8 198
201 203
116 203
116 198
116 203
116 203
98 18
98 19
98 103
98 2
98 203
98 19
98 198
98 201
103 203
55 53
18 194
18 4
18 159
18 198
18 143
53 142
53 199
53 194
53 55
53 211
53 4
53 71
53 208
53 159
6 15
48 198
212 203
71 208
71 142
71 53
71 15
71 203
71 53
71 142
203 198
203 208
203 198
203 208
203 198
203 208
203 213
203 103
203 116
203 116
203 210
203 212
203 8
203 202
203 48
203 214
203 215
203 209
203 198
203 205
203 19
203 216
203 204
203 209
203 198
203 142
203 208
208 217
208 218
208 15
208 44
208 159
208 211
208 66
208 201
208 6
208 15
208 142
208 53
213 208
213 53
213 203
199 53
17 41
17 9
41 17
41 16
41 194
